13 11
1 0 4
1 0 10
1 1 5
1 1 9
1 2 4
1 2 6
1 2 8
1 3 4
1 4 4
1 5 4
1 6 4
1 7 5
1 7 7
1 8 5
1 8 8
1 9 6
1 9 8
2 10 1
1 10 8
0 11 1

0 0 7
-5 2 7
-6 3 5
-5 3 6
-3 3 7
-4 4 0
-6 4 1
-6 4 2
-5 4 3
-3 4 5
-6 4 6
-3 4 7
-6 5 0
-6 5 1
-5 5 2
-3 5 3
-3 5 5
-4 5 6
-3 5 7
-3 6 0
-3 6 1
-6 6 2
-5 6 3
-3 7 0
-6 7 1
-5 7 2
-6 7 3
-5 7 4
-3 8 0
-3 8 1
-3 8 2
-4 8 3
-5 8 4
-4 9 0
-3 9 2
-3 9 3
-6 9 4
-5 9 5
-4 10 2
-4 10 3
-6 10 5
-6 10 6
@ Need a little help...?
: ,l,,d,[d],l,1,r,0,r,1,d,0,d,1,d,0,d,1,d,0,d,1,l,,l,>=1,r,,u,[u],ur,,d,,d,,r,,d,,l,,l,,l,,l,,l,,d,,l,,u,,u,,u,,d,,d,,r,,r,,r,,r,,r,,u,,u,,l,,l,,l,,u,,l,,l,<=1,d,0,l,>=5,l,,l,,l